version https://git-lfs.github.com/spec/v1
oid sha256:ae03e57227f3efcc959261d47d96d8c474224cff69e8d58a9d53af73dbfca3dd
size 2150599
